2015013243
2015013198
2015013217
2015013218
2015013195
2015080121
2015013205
2015013206
2015013161
2015013186
2015013187
2015013211
2015011852
2015011888
2015013157
2015013222
2015013212
2015013228
2015013225
2015013230
2015013201
2015013237
2015013232
2015013234
2015013226
2015010494
2015010370
2015013221
2015013220
2015013227
2015013242
2015013238
2015013223
2015013185
2015013190
2015013219
2015013194
2015013199
2015013202
2015013215
2015013207
2015013224
2015013208
2015013192
2015080122
2015080124
2015080119
2015080123
2015013196
2015013203
2014012163
2015013240
2015013191
2015013246
2015013229
2015013239
2015013247
2014011003
2015013200
2015013233
2015013197
2015013210
2015013193
2013013291
2015013204
2015013245
2015013236
2015013235
2015013248
2015010498
2015013249
2015013241
2015013209
